door:
  frame:
    pos: [-0.85, -0.435, 0.955]
    quat: [0.70710678, 0.0, 0.0, 0.70710678]
    user: [1001, 0, 2002, -0.4, -0.1, 0.252, 0, 0.3, 0.5]
    post_half_width: 0.4
    post_half_thickness: 0.02
    height: 1.91

  panel:
    width: 0.87
    thickness: 0.04
    height: 1.9
    mass: 10.0
    diaginertia: [0.4173, 0.5667, 0.1507]
    friction: [0.5, 0.1, 0.001]
    hinge:
      range: [-1.57, 1.57]
      damping: 5.0
      frictionloss: 5.0
      stiffness: 30.0
      springref: 0.0

  latch:
    inset_from_free_edge: 0.06
    inertial:
      pos: [-0.027762, 0.0238544, 0.0]
      quat: [0.365653, 0.605347, -0.36522, 0.605365]
      mass: 0.353743
      diaginertia: [0.0483771, 0.0410001, 0.0211013]
    joint:
      range: [0.0, 1.6]
      damping: 1.0
      frictionloss: 0.2
      stiffness: 2.0
      springref: 0.0
    handle_site_pos: [0.15, -0.15, 0.0]
    handle_target_pos: [0.75, -0.5, -0.18]
